Finality
D:/repos/Honours Project/Code/Honours-Project/Assets/MapImages/Finality.png
3,32.44475,16.46775,90
3,9.869747,-9.924275,90
3,32.33569,-10.46957,90
1,-16.08605,11.77826,0
1,-16.41322,-16.14058,0
1,59.05489,11.01485,0
1,58.61865,-15.48623,0
4,21.32083,5.889131
5,-16.08605,-1.744928
5,58.83677,-2.072101
6,20.55743,-20.83007
6,21.53895,27.59167
2,4.962216,-42.79671,90
2,31.89995,-42.57878,90
2,59.48683,-42.68557,90
0,-10.63239,-58.17068,90
0,6.161334,-58.27962,90
0,23.2822,-58.17068,90
0,40.29401,-58.17068,90
0,57.08773,-58.27962,90
1,-22.51885,-42.57662,90
1,-31.89716,-48.13811,0
1,-25.8994,-10.51575,90
1,66.68414,-9.97043,90
8,-10.74179,-79.63939
8,26.55459,-80.07575
8,58.94355,-79.63939
7,-11.39612,60.62907
7,16.08543,60.62907
7,41.71306,60.52014
2,-11.17801,38.49138,90
2,16.30354,39.03672,90
2,43.56697,39.1457,90
1,53.81803,44.81661,0
1,-20.77474,44.27127,0
